0 1041
1 788
2 859
3 900
4 891
5 954
6 853
7 939
8 925
9 938
10 940
11 980
12 964
13 1013
14 994
15 986
16 1029
17 1050
18 1099
19 1028
20 1130
21 1058
22 1038
23 1076
24 1130
25 1044
26 1062
27 1046
28 1099
29 1101
30 1071
31 1161
32 1127
33 1122
34 1108
35 1138
36 1177
37 1194
38 1221
39 1211
40 1227
41 1152
42 1210
43 1242
44 1240
45 1208
46 1212
47 1240
48 1214
49 1243
50 1265
51 1209
52 1258
53 1243
54 1267
55 1363
56 1387
57 1263
58 1306
59 1239
60 1327
61 1324
62 1299
63 1326
64 1323
65 1285
66 1288
67 1248
68 1294
69 1294
70 1357
71 1318
72 1314
73 1392
74 1348
75 1346
76 1358
77 1346
78 1296
79 1393
80 1349
81 1339
82 1348
83 1424
84 1365
85 1371
86 1381
87 1319
88 1413
89 1383
90 1389
91 1407
92 1449
93 1281
94 1276
95 1394
96 1386
97 1401
98 1450
99 1340
100 1427
101 1419
102 1442
103 1351
104 1365
105 1393
106 1392
107 1469
108 1337
109 1445
110 1425
111 1407
112 1303
113 1451
114 1415
115 1424
116 1456
117 1463
118 1426
119 1382
120 1369
121 1345
122 1343
123 1349
124 1382
125 1389
126 1344
127 1460
128 1379
129 1448
130 1497
131 1470
132 1469
133 1536
134 1391
135 1444
136 1433
137 1483
138 1395
139 1456
140 1496
141 1448
142 1374
143 1491
144 1420
145 1416
146 1467
147 1492
148 1497
149 1431
150 1454
151 1516
152 1530
153 1430
154 1414
155 1503
156 1558
157 1481
158 1451
159 1572
160 1527
161 1462
162 1511
163 1482
164 1492
165 1530
166 1527
167 1419
168 1492
169 1562
170 1549
171 1547
172 1449
173 1463
174 1471
175 1524
176 1516
177 1595
178 1493
179 1591
180 1511
181 1632
182 1603
183 1636
184 1591
185 1572
186 1521
187 1555
188 1519
189 1654
190 1508
191 1565
192 1532
193 1547
194 1504
195 1480
196 1539
197 1617
198 1471
199 1440
200 1640
201 1503
202 1548
203 1540
204 1551
205 1541
206 1561
207 1609
208 1560
209 1564
210 1619
211 1576
212 1540
213 1656
214 1555
215 1654
216 1555
217 1574
218 1566
219 1504
220 1624
221 1626
222 1591
223 1438
224 1544
225 1608
226 1548
227 1549
228 1551
229 1559
230 1605
231 1600
232 1602
233 1582
234 1575
235 1573
236 1600
237 1532
238 1488
239 1526
240 1673
241 1576
242 1683
243 1529
244 1608
245 1640
246 1587
247 1633
248 1550
249 1558
250 1662
251 1565
252 1619
253 1574
254 1575
255 1601
256 1599
257 1598
258 1585
259 1620
260 1537
261 1648
262 1640
263 1575
264 1576
265 1542
266 1630
267 1579
268 1657
269 1558
270 1580
271 1577
272 1604
273 1599
274 1526
275 1579
276 1566
277 1660
278 1658
279 1692
280 1631
281 1647
282 1615
283 1609
284 1731
285 1513
286 1573
287 1669
288 1602
289 1646
290 1580
291 1607
292 1538
293 1668
294 1779
295 1592
296 1614
297 1662
298 1585
299 1630
300 1585
301 1557
302 1605
303 1590
304 1647
305 1639
306 1639
307 1533
308 1615
309 1582
310 1638
311 1608
312 1591
313 1610
314 1642
315 1613
316 1631
317 1697
318 1672
319 1625
320 1648
321 1616
322 1687
323 1633
324 1597
325 1642
326 1681
327 1671
328 1637
329 1654
330 1632
331 1601
332 1640
333 1650
334 1705
335 1694
336 1633
337 1624
338 1604
339 1687
340 1684
341 1661
342 1712
343 1582
344 1601
345 1628
346 1693
347 1632
348 1677
349 1634
350 1706
351 1700
352 1698
353 1571
354 1698
355 1676
356 1732
357 1689
358 1673
359 1658
360 1654
361 1643
362 1687
363 1680
364 1678
365 1726
366 1774
367 1690
368 1805
369 1773
370 1838
371 1783
372 1800
373 1943
374 1909
375 1929
376 1971
377 1941
378 1997
379 1964
380 2039
381 1991
382 2003
383 2047
384 2108
385 2094
386 2039
387 2227
388 2339
389 2318
390 2449
391 2468
392 2597
393 2622
394 2687
395 2592
396 2625
397 2820
398 2927
399 3100
400 2975
401 2952
402 2949
403 2801
404 2682
405 2804
406 2967
407 3625
408 3813
409 3794
410 3433
411 3221
412 3004
413 2905
414 2912
415 2716
416 2506
417 2198
418 2089
419 1969
420 1829
421 1776
422 1878
423 1749
424 1683
425 1712
426 1739
427 1691
428 1642
429 1742
430 1726
431 1663
432 1706
433 1733
434 1699
435 1668
436 1714
437 1668
438 1677
439 1710
440 1727
441 1695
442 1628
443 1667
444 1691
445 1611
446 1707
447 1642
448 1669
449 1718
450 1687
451 1633
452 1713
453 1615
454 1692
455 1711
456 1721
457 1749
458 1662
459 1623
460 1714
461 1709
462 1681
463 1675
464 1678
465 1691
466 1662
467 1686
468 1724
469 1668
470 1619
471 1738
472 1643
473 1668
474 1594
475 1745
476 1797
477 1731
478 1684
479 1743
480 1685
481 1698
482 1654
483 1650
484 1804
485 1719
486 1685
487 1669
488 1688
489 1695
490 1687
491 1692
492 1662
493 1698
494 1733
495 1677
496 1638
497 1839
498 1718
499 1698
500 1709
501 1647
502 1749
503 1658
504 1715
505 1721
506 1593
507 1757
508 1640
509 1693
510 1660
511 1688
512 1666
513 1656
514 1631
515 1708
516 1632
517 1607
518 1687
519 1703
520 1628
521 1644
522 1717
523 1702
524 1674
525 1689
526 1771
527 1679
528 1599
529 1723
530 1648
531 1722
532 1672
533 1671
534 1679
535 1679
536 1595
537 1671
538 1634
539 1619
540 1741
541 1679
542 1690
543 1657
544 1699
545 1662
546 1617
547 1754
548 1602
549 1664
550 1679
551 1628
552 1707
553 1643
554 1618
555 1689
556 1643
557 1672
558 1600
559 1609
560 1609
561 1710
562 1731
563 1669
564 1682
565 1699
566 1667
567 1666
568 1660
569 1725
570 1632
571 1708
572 1730
573 1699
574 1716
575 1730
576 1684
577 1695
578 1757
579 1752
580 1675
581 1764
582 1738
583 1729
584 1718
585 1769
586 1706
587 1687
588 1747
589 1640
590 1666
591 1692
592 1615
593 1596
594 1711
595 1670
596 1681
597 1654
598 1625
599 1681
600 1609
601 1583
602 1627
603 1673
604 1743
605 1673
606 1562
607 1610
608 1690
609 1564
610 1575
611 1608
612 1642
613 1664
614 1532
615 1567
616 1573
617 1674
618 1553
619 1522
620 1609
621 1600
622 1623
623 1595
624 1585
625 1591
626 1650
627 1576
628 1615
629 1583
630 1655
631 1575
632 1658
633 1574
634 1599
635 1576
636 1584
637 1572
638 1641
639 1613
640 1598
641 1567
642 1618
643 1637
644 1602
645 1581
646 1592
647 1670
648 1539
649 1619
650 1557
651 1580
652 1592
653 1520
654 1582
655 1584
656 1568
657 1668
658 1555
659 1557
660 1653
661 1596
662 1582
663 1656
664 1638
665 1695
666 1582
667 1616
668 1660
669 1710
670 1618
671 1655
672 1656
673 1699
674 1728
675 1700
676 1729
677 1691
678 1771
679 1719
680 1727
681 1674
682 1667
683 1625
684 1621
685 1641
686 1626
687 1611
688 1704
689 1586
690 1624
691 1571
692 1645
693 1558
694 1539
695 1537
696 1664
697 1533
698 1598
699 1561
700 1628
701 1465
702 1516
703 1582
704 1609
705 1617
706 1533
707 1554
708 1566
709 1539
710 1569
711 1743
712 1628
713 1529
714 1571
715 1459
716 1571
717 1610
718 1609
719 1554
720 1499
721 1583
722 1618
723 1559
724 1494
725 1489
726 1562
727 1542
728 1518
729 1540
730 1533
731 1557
732 1460
733 1513
734 1482
735 1501
736 1498
737 1494
738 1467
739 1571
740 1450
741 1534
742 1487
743 1538
744 1505
745 1517
746 1536
747 1513
748 1518
749 1574
750 1538
751 1469
752 1519
753 1444
754 1530
755 1528
756 1509
757 1531
758 1532
759 1543
760 1448
761 1455
762 1482
763 1509
764 1446
765 1466
766 1520
767 1528
768 1499
769 1509
770 1546
771 1493
772 1542
773 1456
774 1557
775 1437
776 1525
777 1564
778 1529
779 1538
780 1565
781 1538
782 1590
783 1539
784 1590
785 1556
786 1630
787 1563
788 1562
789 1627
790 1460
791 1542
792 1588
793 1545
794 1540
795 1571
796 1531
797 1554
798 1659
799 1569
800 1563
801 1675
802 1733
803 1814
804 1975
805 2018
806 2265
807 2364
808 2703
809 2648
810 2716
811 2633
812 2765
813 3109
814 3815
815 4072
816 3822
817 3998
818 4487
819 5373
820 6060
821 6320
822 7146
823 7847
824 8628
825 8829
826 8858
827 8606
828 8105
829 8216
830 9509
831 10558
832 12059
833 12564
834 13137
835 12654
836 11453
837 10041
838 9308
839 8708
840 6868
841 5827
842 5550
843 5125
844 4560
845 4085
846 3469
847 2959
848 2668
849 2389
850 1939
851 1813
852 1739
853 1606
854 1637
855 1684
856 1650
857 1550
858 1566
859 1633
860 1472
861 1449
862 1537
863 1463
864 1498
865 1509
866 1542
867 1503
868 1576
869 1574
870 1473
871 1548
872 1509
873 1516
874 1565
875 1460
876 1415
877 1508
878 1457
879 1470
880 1464
881 1524
882 1403
883 1425
884 1537
885 1461
886 1436
887 1462
888 1493
889 1526
890 1500
891 1464
892 1499
893 1494
894 1454
895 1395
896 1430
897 1431
898 1424
899 1445
900 1479
901 1374
902 1408
903 1498
904 1432
905 1409
906 1534
907 1489
908 1486
909 1436
910 1494
911 1474
912 1432
913 1450
914 1487
915 1486
916 1385
917 1427
918 1458
919 1501
920 1476
921 1583
922 1446
923 1505
924 1500
925 1505
926 1499
927 1415
928 1507
929 1563
930 1599
931 1682
932 1670
933 1736
934 1698
935 1719
936 1691
937 1605
938 1660
939 1730
940 1988
941 2109
942 2232
943 2217
944 2596
945 2353
946 2622
947 2770
948 2570
949 2206
950 2126
951 1905
952 1813
953 1711
954 1557
955 1513
956 1433
957 1466
958 1420
959 1397
960 1394
961 1385
962 1395
963 1454
964 1372
965 1363
966 1428
967 1449
968 1364
969 1334
970 1393
971 1338
972 1415
973 1372
974 1422
975 1433
976 1347
977 1390
978 1375
979 1365
980 1356
981 1390
982 1403
983 1410
984 1335
985 1309
986 1329
987 1372
988 1343
989 1395
990 1325
991 1416
992 1357
993 1381
994 1378
995 1413
996 1350
997 1441
998 1390
999 1289
1000 1384
1001 1405
1002 1380
1003 1409
1004 1318
1005 1428
1006 1492
1007 1369
1008 1373
1009 1299
1010 1358
1011 1428
1012 1369
1013 1349
1014 1368
1015 1340
1016 1409
1017 1329
1018 1427
1019 1378
1020 1319
1021 1351
1022 1336
1023 1392
1024 1388
1025 1309
1026 1345
1027 1311
1028 1356
1029 1339
1030 1362
1031 1388
1032 1378
1033 1392
1034 1283
1035 1353
1036 1404
1037 1289
1038 1314
1039 1332
1040 1363
1041 1387
1042 1307
1043 1324
1044 1292
1045 1324
1046 1362
1047 1278
1048 1330
1049 1375
1050 1384
1051 1288
1052 1311
1053 1387
1054 1363
1055 1328
1056 1348
1057 1367
1058 1321
1059 1357
1060 1308
1061 1314
1062 1382
1063 1369
1064 1329
1065 1310
1066 1340
1067 1267
1068 1244
1069 1332
1070 1361
1071 1316
1072 1329
1073 1314
1074 1270
1075 1273
1076 1256
1077 1332
1078 1363
1079 1326
1080 1259
1081 1273
1082 1294
1083 1224
1084 1273
1085 1371
1086 1359
1087 1374
1088 1283
1089 1355
1090 1337
1091 1333
1092 1286
1093 1369
1094 1345
1095 1353
1096 1363
1097 1418
1098 1461
1099 1385
1100 1434
1101 1378
1102 1555
1103 1575
1104 1671
1105 1892
1106 2131
1107 2076
1108 1931
1109 1802
1110 1790
1111 1797
1112 1670
1113 1773
1114 1685
1115 1682
1116 1645
1117 1639
1118 1591
1119 1650
1120 1582
1121 1578
1122 1565
1123 1494
1124 1405
1125 1399
1126 1358
1127 1399
1128 1240
1129 1261
1130 1237
1131 1324
1132 1298
1133 1372
1134 1240
1135 1355
1136 1230
1137 1326
1138 1243
1139 1313
1140 1291
1141 1288
1142 1265
1143 1332
1144 1268
1145 1301
1146 1353
1147 1267
1148 1300
1149 1247
1150 1244
1151 1241
1152 1293
1153 1355
1154 1295
1155 1319
1156 1397
1157 1348
1158 1407
1159 1561
1160 1549
1161 1655
1162 1764
1163 1734
1164 1837
1165 1831
1166 1955
1167 2168
1168 2245
1169 2624
1170 2912
1171 3115
1172 3300
1173 3806
1174 4113
1175 4349
1176 4463
1177 4405
1178 4672
1179 5237
1180 6074
1181 6842
1182 6864
1183 7330
1184 7369
1185 6470
1186 5674
1187 5878
1188 5416
1189 4805
1190 4650
1191 4088
1192 4126
1193 3437
1194 2966
1195 2574
1196 2370
1197 1946
1198 1594
1199 1622
1200 1373
1201 1405
1202 1290
1203 1298
1204 1248
1205 1298
1206 1298
1207 1295
1208 1232
1209 1237
1210 1247
1211 1247
1212 1261
1213 1206
1214 1223
1215 1191
1216 1245
1217 1269
1218 1276
1219 1187
1220 1242
1221 1218
1222 1253
1223 1302
1224 1144
1225 1232
1226 1237
1227 1207
1228 1179
1229 1250
1230 1201
1231 1134
1232 1181
1233 1207
1234 1211
1235 1227
1236 1200
1237 1271
1238 1225
1239 1191
1240 1256
1241 1268
1242 1276
1243 1201
1244 1286
1245 1227
1246 1175
1247 1190
1248 1201
1249 1203
1250 1204
1251 1219
1252 1180
1253 1212
1254 1239
1255 1253
1256 1231
1257 1132
1258 1160
1259 1145
1260 1182
1261 1240
1262 1193
1263 1140
1264 1121
1265 1152
1266 1110
1267 1128
1268 1112
1269 1054
1270 996
1271 1097
1272 1000
1273 1028
1274 969
1275 959
1276 882
1277 880
1278 760
1279 1037
